  0.606628716      0.659839630    
  0.659839630      0.228968740    
  0.228968740      0.486473143    
  0.486473143      0.592143714    
  0.592143714      0.964542687    
  0.964542687      0.563529670    
  0.563529670      0.181497931    
  0.181497931      0.484758019    
  0.484758019      0.993007779    
  0.993007779      0.778548181    
  0.778548181      0.435177684    
  0.435177684      0.247981131    
  0.247981131      0.125284493    
  0.125284493      0.826078355    
  0.826078355       7.96246529E-03
   7.96246529E-03  0.699958563    
  0.699958563      0.326560795    
  0.326560795      0.613385677    
  0.613385677      0.452959657    
  0.452959657      0.150642931    
  0.150642931      0.221445143    
  0.221445143       9.37281847E-02
   9.37281847E-02  0.499656200    
  0.499656200      0.622579932    
  0.622579932       3.35240960E-02
   3.35240960E-02  0.416418433    
  0.416418433      0.908178806    
  0.908178806      0.814208984    
  0.814208984      0.374130785    
  0.374130785      0.456839025    
  0.456839025      0.802807510    
  0.802807510      0.837448776    
  0.837448776      0.216891050    
  0.216891050      0.305832088    
  0.305832088      0.637838542    
  0.637838542      0.588107407    
  0.588107407      0.608846843    
  0.608846843       7.97454715E-02
   7.97454715E-02   3.53773832E-02
   3.53773832E-02  0.394543707    
  0.394543707       4.02272344E-02
   4.02272344E-02  0.141222835    
  0.141222835      0.279166520    
  0.279166520      0.603843331    
  0.603843331      0.344663799    
  0.344663799      0.101641834    
  0.101641834      0.880590856    
  0.880590856      0.293763161    
  0.293763161       8.37634206E-02
   8.37634206E-02  0.833096802    
  0.833096802      0.142828226    
  0.142828226      0.774939775    
  0.774939775      0.219915569    
  0.219915569       3.76784801E-03
   3.76784801E-03  0.139949441    
  0.139949441      0.366263688    
  0.366263688      0.235677660    
  0.235677660       8.53842497E-03
   8.53842497E-03  0.531031668    
  0.531031668      0.808498800    
  0.808498800      0.329940975    
  0.329940975      0.140753329    
  0.140753329      0.225582838    
  0.225582838      0.764254868    
  0.764254868      0.265136898    
  0.265136898      0.814329684    
  0.814329684      0.890316606    
  0.890316606      0.168284297    
  0.168284297      0.332627058    
  0.332627058      0.411871552    
  0.411871552      0.473134041    
  0.473134041      0.172267497    
  0.172267497      0.286929786    
  0.286929786      0.584782779    
  0.584782779      0.619842410    
  0.619842410      0.481070638    
  0.481070638      0.465583622    
  0.465583622      0.782701910    
  0.782701910      0.861586630    
  0.861586630      0.956791878    
  0.956791878      0.426798761    
  0.426798761      0.666457653    
  0.666457653      0.677095830    
  0.677095830      0.561495304    
  0.561495304      0.493936479    
  0.493936479      0.132239580    
  0.132239580       1.76022649E-02
   1.76022649E-02  0.678911686    
  0.678911686      0.224064708    
  0.224064708       5.25798202E-02
   5.25798202E-02  0.894975305    
  0.894975305      0.613521874    
  0.613521874      0.310373843    
  0.310373843      0.532797217    
  0.532797217      0.354791164    
  0.354791164       4.47970629E-03
   4.47970629E-03  0.262345374    
  0.262345374      0.400929511    
  0.400929511      0.912414014    
  0.912414014      0.347776234    
  0.347776234       1.40437484E-02
   1.40437484E-02  0.598754346    
  0.598754346      0.863828361    
  0.863828361      0.686105669    
  0.686105669      0.879950523    
  0.879950523      0.900109053    
  0.900109053      0.261626244    
  0.261626244      0.688720047    
  0.688720047      0.100533903    
  0.100533903      0.612357736    
  0.612357736      0.410466194    
  0.410466194      0.538443446    
  0.538443446      0.204246283    
  0.204246283      0.306763232    
  0.306763232      0.744949400    
  0.744949400       4.67669964E-03
   4.67669964E-03  0.754382432    
  0.754382432      0.399422407    
  0.399422407      0.441892564    
  0.441892564      0.240520597    
  0.240520597      0.725658476    
  0.725658476      0.502689779    
  0.502689779       3.55409980E-02
   3.55409980E-02  0.295736134    
  0.295736134      0.387035489    
  0.387035489      0.424928844    
  0.424928844       6.92245960E-02
   6.92245960E-02  0.386332750    
  0.386332750      0.420774937    
  0.420774937      0.575428963    
  0.575428963      0.981580853    
  0.981580853      0.961046219    
  0.961046219      0.219632864    
  0.219632864      0.438287556    
  0.438287556      0.584904194    
  0.584904194      0.876693726    
  0.876693726       7.18417764E-02
   7.18417764E-02  0.992533386    
  0.992533386      0.112190306    
  0.112190306      0.596751332    
  0.596751332      0.402792990    
  0.402792990      0.373114169    
  0.373114169      0.905173421    
  0.905173421      0.727736413    
  0.727736413      0.770872653    
  0.770872653      0.497101963    
  0.497101963      0.553006053    
  0.553006053      0.346023858    
  0.346023858      0.677087963    
  0.677087963       3.73628736E-02
   3.73628736E-02  0.783947289    
  0.783947289      0.405532718    
  0.405532718      0.496252418    
  0.496252418      0.858976245    
  0.858976245      0.373258531    
  0.373258531      0.799558759    
  0.799558759      0.245527267    
  0.245527267       7.13354945E-02
   7.13354945E-02  0.422836602    
  0.422836602      0.394089103    
  0.394089103      0.612802804    
  0.612802804      0.389849663    
  0.389849663      0.951962829    
  0.951962829      0.329672754    
  0.329672754      0.509087741    
  0.509087741      0.207321465    
  0.207321465      0.440549016    
  0.440549016      0.450165570    
  0.450165570      0.295548618    
  0.295548618      0.153364658    
  0.153364658      0.921933532    
  0.921933532      0.961732209    
  0.961732209      0.163332462    
  0.163332462      0.207470596    
  0.207470596      0.988286376    
  0.988286376      0.328484535    
  0.328484535      0.752006412    
  0.752006412      0.674221575    
  0.674221575      0.259045064    
  0.259045064      0.974046171    
  0.974046171      0.948665619    
  0.948665619       5.25112152E-02
   5.25112152E-02  0.452710748    
  0.452710748      0.523230493    
  0.523230493      0.531341672    
  0.531341672      0.528334439    
  0.528334439      0.468904138    
  0.468904138      0.666784048    
  0.666784048      0.653567493    
  0.653567493      0.890575826    
  0.890575826      0.758046746    
  0.758046746      0.582191586    
  0.582191586      0.368451178    
  0.368451178      0.213914514    
  0.213914514      0.980224013    
  0.980224013      0.499286413    
  0.499286413      0.285097182    
  0.285097182      0.640103281    
  0.640103281      0.188696682    
  0.188696682      0.853486419    
  0.853486419      0.494509697    
  0.494509697      0.451330423    
  0.451330423      0.499400735    
  0.499400735      0.407523274    
  0.407523274       5.98182082E-02
   5.98182082E-02  0.681461632    
  0.681461632      0.892407894    
  0.892407894      0.140419543    
  0.140419543      0.811279297    
  0.811279297      0.321917295    
  0.321917295      0.702979326    
  0.702979326      0.607531369    
  0.607531369      0.924265385    
  0.924265385      0.987601817    
  0.987601817      0.356436014    
  0.356436014      0.450449884    
  0.450449884       7.17680454E-02
   7.17680454E-02  0.277080595    
  0.277080595      0.800818682    
  0.800818682      0.892210603    
  0.892210603      0.771554470    
  0.771554470      0.930254042    
  0.930254042      0.555638790    
  0.555638790      0.148269415    
  0.148269415      0.827134907    
  0.827134907      0.601546168    
  0.601546168      0.238528848    
  0.238528848      0.889294863    
  0.889294863      0.129357576    
  0.129357576      0.945167959    
  0.945167959      0.894109428    
  0.894109428      0.494592547    
  0.494592547      0.282883584    
  0.282883584      0.695594668    
  0.695594668      0.620948732    
  0.620948732      0.275594950    
  0.275594950      0.110650778    
  0.110650778       2.32219696E-04
   2.32219696E-04  0.880508780    
  0.880508780       5.71647882E-02
   5.71647882E-02  0.350394011    
  0.350394011      0.410588741    
  0.410588741      0.663252115    
  0.663252115       5.47894835E-02
   5.47894835E-02   1.82088017E-02
   1.82088017E-02  0.872669637    
  0.872669637      0.280800462    
  0.280800462      0.545178115    
  0.545178115      0.592154801    
  0.592154801      0.339577317    
  0.339577317      0.887677193    
  0.887677193      0.278759122    
  0.278759122       7.93777704E-02
   7.93777704E-02  0.808677197    
  0.808677197      0.636747003    
  0.636747003      0.856596053    
  0.856596053      0.960508406    
  0.960508406      0.563165188    
  0.563165188      0.417400420    
  0.417400420      0.893821239    
  0.893821239      0.650495887    
  0.650495887       8.30124617E-02
   8.30124617E-02  0.874457359    
  0.874457359      0.466451406    
  0.466451406      0.974312961    
  0.974312961       1.70687437E-02
   1.70687437E-02  0.722871482    
  0.722871482      0.415359735    
  0.415359735      0.287949741    
  0.287949741      0.896490157    
  0.896490157      0.432164013    
  0.432164013      0.956775784    
  0.956775784      0.481391072    
  0.481391072      0.665082037    
  0.665082037      0.788582921    
  0.788582921      0.432199836    
  0.432199836      0.112324834    
  0.112324834       8.76628160E-02
   8.76628160E-02  0.833516538    
  0.833516538      0.663613319    
  0.663613319      0.578073919    
  0.578073919       4.73557711E-02
   4.73557711E-02   8.90074372E-02
   8.90074372E-02   1.04105473E-02
   1.04105473E-02  0.691077709    
  0.691077709      0.664255977    
  0.664255977      0.602510333    
  0.602510333      0.922912717    
  0.922912717      0.904155791    
  0.904155791      0.155838132    
  0.155838132       3.10361981E-02
   3.10361981E-02  0.167779982    
  0.167779982      0.182486653    
  0.182486653      0.156235039    
  0.156235039      0.609096587    
  0.609096587      0.217209399    
  0.217209399      0.534110367    
  0.534110367      0.362385035    
  0.362385035      0.811382949    
  0.811382949      0.794220984    
  0.794220984      0.659376025    
  0.659376025       5.90628982E-02
   5.90628982E-02  0.524140179    
  0.524140179      0.398709059    
  0.398709059      0.827698171    
  0.827698171      0.104950607    
  0.104950607      0.698512256    
  0.698512256      0.630352676    
  0.630352676      0.535641730    
  0.535641730      0.171671271    
  0.171671271      0.193214774    
  0.193214774      0.311711848    
  0.311711848      0.872632563    
  0.872632563      0.316647470    
  0.316647470      0.455111861    
  0.455111861      0.459891558    
  0.459891558      0.491640925    
  0.491640925      0.826413870    
  0.826413870      0.540382922    
  0.540382922      0.834152639    
  0.834152639      0.630312145    
  0.630312145      0.792072356    
  0.792072356       6.85652494E-02
   6.85652494E-02  0.179422379    
  0.179422379       9.60364938E-02
   9.60364938E-02  0.331978738    
  0.331978738      0.446606815    
  0.446606815      0.119245470    
  0.119245470      0.834278762    
  0.834278762      0.657830060    
  0.657830060      0.794877231    
  0.794877231      0.479427099    
  0.479427099      0.203481436    
  0.203481436      0.452454031    
  0.452454031      0.914972484    
  0.914972484      0.657466888    
  0.657466888      0.472611964    
  0.472611964      0.101461172    
  0.101461172      0.412490308    
  0.412490308      0.994836211    
  0.994836211      0.446924925    
  0.446924925      0.238905668    
  0.238905668      0.944076896    
  0.944076896      0.197527051    
  0.197527051      0.842632890    
  0.842632890      0.607406616    
  0.607406616      0.805746377    
  0.805746377       8.92935991E-02
   8.92935991E-02   4.62701321E-02
   4.62701321E-02  0.909151256    
  0.909151256      0.401463270    
  0.401463270      0.698946238    
  0.698946238       8.21167231E-03
   8.21167231E-03  0.479253113    
  0.479253113      0.777896821    
  0.777896821      0.354483008    
  0.354483008      0.498607278    
  0.498607278       5.44601679E-02
   5.44601679E-02  0.143789291    
  0.143789291      0.928674042    
  0.928674042      0.588185072    
  0.588185072       9.30421352E-02
   9.30421352E-02  0.227796614    
  0.227796614      0.879169822    
  0.879169822      0.472326040    
  0.472326040      0.471768022    
  0.471768022       9.28418040E-02
   9.28418040E-02  0.642212033    
  0.642212033       8.90113115E-02
   8.90113115E-02  0.354819179    
  0.354819179      0.382596374    
  0.382596374      0.265633166    
  0.265633166      0.169699252    
  0.169699252      0.273649931    
  0.273649931      0.475506663    
  0.475506663      0.190821707    
  0.190821707      0.670381069    
  0.670381069      0.876723409    
  0.876723409      0.427455783    
  0.427455783      0.217065156    
  0.217065156      0.202718973    
  0.202718973      0.351647794    
  0.351647794      0.368975818    
  0.368975818      0.633970082    
  0.633970082      0.456526697    
  0.456526697      0.953093410    
  0.953093410      0.257113993    
  0.257113993      0.794504583    
  0.794504583      0.200637400    
  0.200637400      0.574082375    
  0.574082375      0.788636386    
  0.788636386      0.576952994    
  0.576952994      0.354365170    
  0.354365170      0.372492552    
  0.372492552      0.231763482    
  0.231763482      0.915849090    
  0.915849090      0.615809917    
  0.615809917      0.265242338    
  0.265242338      0.247716308    
  0.247716308      0.395475626    
  0.395475626      0.126997828    
  0.126997828      0.133922100    
  0.133922100      0.358428001    
  0.358428001      0.159210086    
  0.159210086      0.372571230    
  0.372571230      0.920601845    
  0.920601845       8.57549906E-03
   8.57549906E-03  0.491707802    
  0.491707802      0.205557287    
  0.205557287      0.945022404    
  0.945022404      0.170489848    
  0.170489848       8.34286213E-03
   8.34286213E-03  0.590544820    
  0.590544820      0.677052736    
  0.677052736      0.647776783    
  0.647776783      0.727655113    
  0.727655113      0.824883342    
  0.824883342      0.899722636    
  0.899722636      0.754582107    
  0.754582107      0.153594017    
  0.153594017      0.592722595    
  0.592722595      0.739041269    
  0.739041269      0.880455673    
  0.880455673      0.895874679    
  0.895874679      0.980478764    
  0.980478764      0.654994369    
  0.654994369      0.768470168    
  0.768470168      0.657653213    
  0.657653213      0.120134234    
  0.120134234      0.266603947    
  0.266603947      0.727477133    
  0.727477133      0.896442056    
  0.896442056      0.243418276    
  0.243418276       9.42775011E-02
   9.42775011E-02   1.96647644E-02
   1.96647644E-02  0.672222674    
  0.672222674      0.970701039    
  0.970701039      0.112293243    
  0.112293243      0.350552619    
  0.350552619      0.633172750    
  0.633172750      0.750644922    
  0.750644922      0.422298491    
  0.422298491      0.380710542    
  0.380710542      0.764479935    
  0.764479935      0.382516026    
  0.382516026      0.768598616    
  0.768598616      0.455161393    
  0.455161393      0.901427627    
  0.901427627      0.990937471    
  0.990937471      0.738876104    
  0.738876104      0.545183539    
  0.545183539      0.561420679    
  0.561420679      0.395721614    
  0.395721614      0.493801951    
  0.493801951      0.891276896    
  0.891276896      0.548165083    
  0.548165083       2.50895023E-02
   2.50895023E-02  0.378776431    
  0.378776431       8.31325650E-02
   8.31325650E-02   4.53437567E-02
   4.53437567E-02  0.614395678    
  0.614395678      0.780898869    
  0.780898869      0.556723535    
  0.556723535       4.03898954E-03
   4.03898954E-03  0.577038050    
  0.577038050      0.228616416    
  0.228616416      0.387941122    
  0.387941122      0.949555457    
  0.949555457      0.671048462    
  0.671048462      0.419422865    
  0.419422865      0.410778701    
  0.410778701      0.722428083    
  0.722428083      0.410485148    
  0.410485148      0.312716424    
  0.312716424       3.68478894E-02
   3.68478894E-02  0.691864431    
  0.691864431      0.499935329    
  0.499935329      0.848057628    
  0.848057628      0.243689239    
  0.243689239      0.788010120    
  0.788010120      0.503174841    
  0.503174841      0.949923992    
  0.949923992      0.838490903    
  0.838490903       9.98349786E-02
   9.98349786E-02  0.854816854    
  0.854816854       7.05008507E-02
   7.05008507E-02  0.581324458    
  0.581324458      0.970052600    
  0.970052600      0.774338722    
  0.774338722      0.636767864    
  0.636767864      0.229902506    
  0.229902506      0.183371663    
  0.183371663      0.905049682    
  0.905049682      0.537106454    
  0.537106454      0.677330613    
  0.677330613      0.636281192    
  0.636281192      0.394351602    
  0.394351602      0.924436390    
  0.924436390      0.140613496    
  0.140613496      0.686665595    
  0.686665595      0.821995974    
  0.821995974      0.588840902    
  0.588840902      0.675432146    
  0.675432146      0.778345644    
  0.778345644      0.806638360    
  0.806638360      0.394650161    
  0.394650161      0.945482969    
  0.945482969      0.102887630    
  0.102887630      0.645065486    
  0.645065486       6.36089444E-02
   6.36089444E-02  0.600556374    
  0.600556374      0.967905700    
  0.967905700      0.944158852    
  0.944158852      0.449943483    
  0.449943483      0.245923877    
  0.245923877      0.257595420    
  0.257595420      0.564682841    
  0.564682841      0.788376749    
  0.788376749       2.99078226E-02
   2.99078226E-02  0.270682156    
  0.270682156      0.149716616    
  0.149716616      0.245755076    
  0.245755076      0.164058745    
  0.164058745      0.359824181    
  0.359824181      0.354216278    
  0.354216278      0.888707638    
  0.888707638      0.487785816    
  0.487785816      0.752766728    
  0.752766728      0.611394286    
  0.611394286      0.664663732    
  0.664663732       2.72090435E-02
   2.72090435E-02  0.758689404    
  0.758689404      0.931585610    
  0.931585610       1.77971125E-02
   1.77971125E-02  0.575631738    
  0.575631738      0.624657989    
  0.624657989       6.39505982E-02
   6.39505982E-02  0.603756785    
  0.603756785       3.74603868E-02
   3.74603868E-02  0.137173831    
  0.137173831      0.534179270    
  0.534179270      0.732782245    
  0.732782245      0.949866116    
  0.949866116       4.83559966E-02
   4.83559966E-02   1.95236802E-02
   1.95236802E-02  0.589683294    
  0.589683294      0.265279114    
  0.265279114      0.928038597    
  0.928038597      0.854939401    
  0.854939401      0.576478302    
  0.576478302      0.912899911    
  0.912899911      0.448834360    
  0.448834360      0.222226262    
  0.222226262      0.175981939    
  0.175981939      0.826394677    
  0.826394677      0.300223649    
  0.300223649      0.650935233    
  0.650935233      0.251689374    
  0.251689374      0.938424885    
  0.938424885      0.471842766    
  0.471842766      0.367463827    
  0.367463827      0.199593723    
  0.199593723      0.603364468    
  0.603364468      0.205837488    
  0.205837488      0.819738567    
  0.819738567      0.470821917    
  0.470821917      0.727385700    
  0.727385700      0.368641913    
  0.368641913      0.575960159    
  0.575960159      0.929214597    
  0.929214597       3.08020115E-02
   3.08020115E-02  0.361791193    
  0.361791193       5.53512573E-03
   5.53512573E-03  0.534160018    
  0.534160018      0.171215594    
  0.171215594      0.434952855    
  0.434952855      0.104633152    
  0.104633152       5.19746542E-03
   5.19746542E-03  0.183603466    
  0.183603466      0.298524857    
  0.298524857      0.276647091    
  0.276647091      0.359690070    
  0.359690070      0.982323766    
  0.982323766      0.670247734    
  0.670247734      0.834318697    
  0.834318697      0.234906733    
  0.234906733      0.480932713    
  0.480932713      0.648012042    
  0.648012042      0.947906911    
  0.947906911      0.956475198    
  0.956475198       5.22270203E-02
   5.22270203E-02  0.666929722    
  0.666929722      0.287695944    
  0.287695944       1.24969482E-02
   1.24969482E-02  0.227123141    
  0.227123141       7.23112822E-02
   7.23112822E-02  0.714453340    
  0.714453340      0.884825885    
  0.884825885      0.684533954    
  0.684533954      0.336375415    
  0.336375415      0.156105697    
  0.156105697      0.912304401    
  0.912304401      0.984927297    
  0.984927297      0.148694515    
  0.148694515      0.699561536    
  0.699561536       3.51804495E-03
   3.51804495E-03  0.999100983    
  0.999100983      0.732621312    
  0.732621312      0.525290489    
  0.525290489      0.124197125    
  0.124197125      0.730888307    
  0.730888307      0.862017512    
  0.862017512      0.325030804    
  0.325030804      0.153987110    
  0.153987110      0.850383699    
  0.850383699       8.35291743E-02
   8.35291743E-02  0.910375297    
  0.910375297      0.407121122    
  0.407121122      0.384744704    
  0.384744704      0.666563332    
  0.666563332      0.125482798    
  0.125482798      0.188418090    
  0.188418090      0.723826170    
  0.723826170      0.613654673    
  0.613654673       1.63655281E-02
   1.63655281E-02  0.513162613    
  0.513162613      0.463373244    
  0.463373244      0.661702275    
  0.661702275      0.823594868    
  0.823594868      0.225985944    
  0.225985944      0.367825568    
  0.367825568      0.408036947    
  0.408036947       3.20171118E-02
   3.20171118E-02  0.488894224    
  0.488894224       1.82252526E-02
   1.82252526E-02  0.926963210    
  0.926963210      0.178323865    
  0.178323865      0.577675641    
  0.577675641      0.961298406    
  0.961298406      0.928282499    
  0.928282499      0.516087651    
  0.516087651      0.357032478    
  0.357032478      0.692972302    
  0.692972302      0.563120604    
  0.563120604      0.126509190    
  0.126509190      0.141174018    
  0.141174018       6.80636764E-02
   6.80636764E-02  0.101516962    
  0.101516962      0.563065529    
  0.563065529       2.47865915E-03
   2.47865915E-03  0.483674884    
  0.483674884      0.386133075    
  0.386133075      0.173622906    
  0.173622906       7.81257153E-02
   7.81257153E-02   3.73346210E-02
   3.73346210E-02  0.255432129    
  0.255432129      0.739677668    
  0.739677668      0.944998264    
  0.944998264       8.02560449E-02
   8.02560449E-02  0.936681271    
  0.936681271      0.305306017    
  0.305306017      0.809672832    
  0.809672832      0.541013896    
  0.541013896      0.844056487    
  0.844056487      0.778126299    
  0.778126299      0.694643855    
  0.694643855      0.189665139    
  0.189665139      0.415515363    
  0.415515363      0.471765280    
  0.471765280      0.672143161    
  0.672143161      0.402586520    
  0.402586520      0.765486658    
  0.765486658      0.279285908    
  0.279285908       5.59947491E-02
   5.59947491E-02  0.371578634    
  0.371578634      0.987559259    
  0.987559259      0.452144980    
  0.452144980      0.912002325    
  0.912002325      0.254513383    
  0.254513383      0.780522108    
  0.780522108       9.89004970E-02
   9.89004970E-02  0.733863473    
  0.733863473      0.109082162    
  0.109082162      0.639750004    
  0.639750004      0.499691486    
  0.499691486      0.971735954    
  0.971735954      0.892092168    
  0.892092168      0.930556715    
  0.930556715      0.603991151    
  0.603991151      0.787077010    
  0.787077010      0.832514405    
  0.832514405      0.762835622    
  0.762835622      0.284672201    
  0.284672201       7.73870349E-02
   7.73870349E-02  0.234867036    
  0.234867036      0.368654490    
  0.368654490      0.939629495    
  0.939629495      0.755016685    
  0.755016685      0.661814034    
  0.661814034      0.831157088    
  0.831157088      0.199377239    
  0.199377239      0.798328638    
  0.798328638      0.612062454    
  0.612062454      0.445721507    
  0.445721507      0.669274628    
  0.669274628       1.31921768E-02
   1.31921768E-02  0.642988741    
  0.642988741      0.400059938    
  0.400059938      0.586643696    
  0.586643696      0.124226272    
  0.124226272      0.911341786    
  0.911341786      0.783228278    
  0.783228278      0.534956455    
  0.534956455      0.715326309    
  0.715326309      0.793862283    
  0.793862283      0.536367714    
  0.536367714      0.664676130    
  0.664676130      0.405504346    
  0.405504346      0.794293284    
  0.794293284       8.90772939E-02
   8.90772939E-02   3.39508057E-03
   3.39508057E-03  0.874771893    
  0.874771893      0.718542039    
  0.718542039      0.308910668    
  0.308910668      0.447581828    
  0.447581828      0.817076683    
  0.817076683      0.590197265    
  0.590197265      0.379526734    
  0.379526734      0.288905561    
  0.288905561      0.755380511    
  0.755380511      0.213269711    
  0.213269711      0.938178122    
  0.938178122      0.642508566    
  0.642508566      0.962353289    
  0.962353289      0.920286357    
  0.920286357      0.120222270    
  0.120222270      0.531405270    
  0.531405270      0.772856474    
  0.772856474      0.748951018    
  0.748951018      0.936841011    
  0.936841011      0.747422874    
  0.747422874      0.593137741    
  0.593137741      0.681095481    
  0.681095481      0.920717835    
  0.920717835      0.639950156    
  0.639950156      0.732517242    
  0.732517242       6.52601123E-02
   6.52601123E-02  0.689593196    
  0.689593196      0.858620524    
  0.858620524      0.352730811    
  0.352730811      0.341712356    
  0.341712356      0.948543429    
  0.948543429      0.187588811    
  0.187588811      0.868466496    
  0.868466496      0.139154196    
  0.139154196       6.78920746E-03
   6.78920746E-03  0.483489335    
  0.483489335      0.610952795    
  0.610952795      0.555221856    
  0.555221856      0.919662714    
  0.919662714      0.750043035    
  0.750043035      0.177693605    
  0.177693605      0.643137991    
  0.643137991      0.587155998    
  0.587155998      0.385454416    
  0.385454416      0.565100133    
  0.565100133       8.55544806E-02
   8.55544806E-02   5.80429435E-02
   5.80429435E-02  0.302306175    
  0.302306175       8.58490467E-02
   8.58490467E-02  0.261307120    
  0.261307120      0.543929815    
  0.543929815      0.547502995    
  0.547502995      0.547293961    
  0.547293961      0.982134938    
  0.982134938      0.871491611    
  0.871491611      0.468224049    
  0.468224049      0.461241245    
  0.461241245      0.303107440    
  0.303107440      0.114485025    
  0.114485025      0.641872227    
  0.641872227      0.841288745    
  0.841288745      0.571752071    
  0.571752071      0.958817244    
  0.958817244      0.533025086    
  0.533025086      0.316571236    
  0.316571236      0.522863686    
  0.522863686      0.591198981    
  0.591198981      0.680783153    
  0.680783153      0.937302589    
  0.937302589      0.709044695    
  0.709044695      0.745597780    
  0.745597780      0.348967731    
  0.348967731      0.943590045    
  0.943590045       4.10425663E-03
   4.10425663E-03  0.238133907    
  0.238133907      0.285434783    
  0.285434783      0.370019257    
  0.370019257       8.11916590E-03
   8.11916590E-03  0.223738790    
  0.223738790      0.295398057    
  0.295398057      0.479929864    
  0.479929864      0.545215905    
  0.545215905      0.126269400    
  0.126269400      0.718972921    
  0.718972921      0.172765076    
  0.172765076      0.147331119    
  0.147331119      0.560794830    
  0.560794830      0.647550285    
  0.647550285      0.664525986    
  0.664525986      0.476829588    
  0.476829588      0.882087767    
  0.882087767      0.442060649    
  0.442060649      0.516181827    
  0.516181827      0.540420532    
  0.540420532      0.848186255    
  0.848186255      0.362679183    
  0.362679183      0.810805857    
  0.810805857      0.392612696    
  0.392612696      0.352250278    
  0.352250278      0.866140723    
  0.866140723      0.179333866    
  0.179333866      0.532481909    
  0.532481909      0.614421725    
  0.614421725      0.614050269    
  0.614050269      0.899016976    
  0.899016976      0.864856780    
  0.864856780      0.214833558    
  0.214833558      0.939781725    
  0.939781725      0.849755883    
  0.849755883      0.947938740    
  0.947938740      0.894892752    
  0.894892752      0.180066586    
  0.180066586       1.62004828E-02
   1.62004828E-02   3.67254019E-02
   3.67254019E-02  0.673497856    
  0.673497856      0.360626459    
  0.360626459      0.239749551    
  0.239749551      0.877865553    
  0.877865553      0.561765909    
  0.561765909      0.659175754    
  0.659175754       3.08965445E-02
   3.08965445E-02   8.84500146E-02
   8.84500146E-02  0.804184079    
  0.804184079      0.177579880    
  0.177579880      0.974833846    
  0.974833846      0.741528690    
  0.741528690       8.48817229E-02
   8.48817229E-02  0.156746447    
  0.156746447      0.865707159    
  0.865707159      0.844897985    
  0.844897985      0.574965954    
  0.574965954      0.872933269    
  0.872933269      0.361898363    
  0.361898363      0.639125228    
  0.639125228       2.66070962E-02
   2.66070962E-02  0.722204030    
  0.722204030      0.328240395    
  0.328240395      0.375826716    
  0.375826716      0.439360261    
  0.439360261      0.106300652    
  0.106300652       9.31996107E-03
   9.31996107E-03  0.193969369    
  0.193969369      0.510981917    
  0.510981917       7.21849799E-02
   7.21849799E-02  0.925171793    
  0.925171793      0.478654981    
  0.478654981      0.558848023    
  0.558848023      0.750141323    
  0.750141323      0.662369072    
  0.662369072      0.772315323    
  0.772315323      0.589026153    
  0.589026153      0.992263615    
  0.992263615      0.164837837    
  0.164837837      0.662755132    
  0.662755132      0.110781312    
  0.110781312      0.781641126    
  0.781641126      0.561573327    
  0.561573327      0.604374051    
  0.604374051      0.604605854    
  0.604605854      0.813707173    
  0.813707173      0.411945999    
  0.411945999      0.951984406    
  0.951984406       3.33605409E-02
   3.33605409E-02  0.153645098    
  0.153645098      0.945790410    
  0.945790410      0.206271648    
  0.206271648      0.355666220    
  0.355666220      0.520298183    
  0.520298183       2.91389227E-02
   2.91389227E-02  0.602344692    
  0.602344692      0.371503890    
  0.371503890      0.639872372    
  0.639872372      0.934470654    
  0.934470654      0.847691715    
  0.847691715      0.627677381    
  0.627677381      0.540326834    
  0.540326834      0.901756763    
  0.901756763      0.412922561    
  0.412922561      0.872760236    
  0.872760236      0.426647127    
  0.426647127      0.417394400    
  0.417394400      0.351796865    
  0.351796865      0.667270780    
  0.667270780      0.400042534    
  0.400042534      0.156132162    
  0.156132162      0.286716759    
  0.286716759      0.622942805    
  0.622942805      0.816968381    
  0.816968381      0.960947573    
  0.960947573      0.558702946    
  0.558702946      0.449840605    
  0.449840605      0.184086442    
  0.184086442      0.199239790    
  0.199239790      0.289200306    
  0.289200306      0.936520278    
  0.936520278      0.904053867    
  0.904053867      0.143835783    
  0.143835783       2.98649073E-02
   2.98649073E-02  0.693210185    
  0.693210185      0.701214671    
  0.701214671      0.544540882    
  0.544540882      0.837339163    
  0.837339163      0.785819709    
  0.785819709      0.128715396    
  0.128715396      0.489521980    
  0.489521980      0.293801606    
  0.293801606      0.240363836    
  0.240363836      0.606467068    
  0.606467068      0.262994587    
  0.262994587      0.988285780    
  0.988285780      0.657833934    
  0.657833934      0.546241581    
  0.546241581       7.04099536E-02
   7.04099536E-02  0.702936828    
  0.702936828      0.451361954    
  0.451361954      0.923344731    
  0.923344731      0.339329004    
  0.339329004      0.924788833    
  0.924788833      0.525191486    
  0.525191486      0.573326588    
  0.573326588      0.943904579    
  0.943904579      0.878078580    
  0.878078580      0.439544559    
  0.439544559      0.705834031    
  0.705834031       5.50113916E-02
   5.50113916E-02  0.786842108    
  0.786842108       1.17915273E-02
   1.17915273E-02  0.682546854    
  0.682546854      0.451850712    
  0.451850712      0.872425675    
  0.872425675       4.16686535E-02
   4.16686535E-02  0.266875267    
  0.266875267       2.11914778E-02
   2.11914778E-02  0.219248593    
  0.219248593      0.263028085    
  0.263028085      0.811594546    
  0.811594546      0.314012885    
  0.314012885      0.310254216    
  0.310254216      0.928087473    
  0.928087473       9.57961082E-02
   9.57961082E-02  0.252259433    
  0.252259433      0.645454884    
  0.645454884       3.69403362E-02
   3.69403362E-02   1.15252137E-02
   1.15252137E-02  0.988778710    
  0.988778710      0.846830964    
  0.846830964      0.908511937    
  0.908511937      0.667186975    
  0.667186975      0.349199474    
  0.349199474      0.898013473    
  0.898013473      0.592592239    
  0.592592239      0.569028318    
  0.569028318      0.457122028    
  0.457122028       9.05402303E-02
   9.05402303E-02  0.149266124    
  0.149266124      0.880263269    
  0.880263269      0.561899185    
  0.561899185      0.517512083    
  0.517512083      0.947048366    
  0.947048366      0.691337347    
  0.691337347      0.583224058    
  0.583224058      0.268172085    
  0.268172085      0.260323524    
  0.260323524      0.668144763    
  0.668144763      0.399022758    
  0.399022758       6.04821444E-02
   6.04821444E-02  0.375308216    
  0.375308216      0.763351500    
  0.763351500       6.17486238E-02
   6.17486238E-02  0.440004766    
  0.440004766      0.327955365    
  0.327955365      0.369936883    
  0.369936883      0.366691172    
  0.366691172      0.259368360    
  0.259368360      0.684029698    
  0.684029698      0.907385767    
  0.907385767      0.437035620    
  0.437035620      0.765390694    
  0.765390694      0.834665895    
