Euler 0.1 0.1 246.95 246.88
Euler 0.1 0.01 0.5379 0.5389
Euler 0.1 0.001 0.4796 0.4821
Euler 0.1 0.0001 0.4564 0.4593
Euler 1.0 0.1 0.5579 0.5713
Euler 1.0 0.01 0.5110 0.5199
Euler 1.0 0.001 0.4983 0.5037
Euler 1.0 0.0001 0.4277 0.4248
Euler 10.0 0.1 1.009 0.5049
Euler 10.0 0.01 0.5276 0.4880
Euler 10.0 0.001 0.4976 0.5271
Euler 10.0 0.0001 0.4308 0.4408
RK 0.1 0.1 0.5157 0.5188
RK 0.1 0.01 0.4571 0.4570
RK 0.1 0.001 0.4845 0.4841
RK 0.1 0.0001 0.4488 0.4560
RK 1.0 0.1 0.4973 0.5028
RK 1.0 0.01 0.5100 0.5087
RK 1.0 0.001 0.5039 0.5161
RK 1.0 0.0001 0.4358 0.4383
RK 10.0 0.1 1.311 0.4717
RK 10.0 0.01 0.5023 0.5193
RK 10.0 0.001 0.4955 0.4953
RK 10.0 0.0001 0.4343 0.4374
VE 0.1 0.1 0.5268 0.5223
VE 0.1 0.01 0.4893 0.4920
VE 0.1 0.001 0.4849 0.4834
VE 0.1 0.0001 0.3888 0.3888
VE 1.0 0.1 0.4984 0.5016
VE 1.0 0.01 0.5024 0.4982
VE 1.0 0.001 0.4996 0.5025
VE 1.0 0.0001 0.4439 0.4334
VE 10.0 0.1 0.4956 0.5193
VE 10.0 0.01 0.5088 0.4985
VE 10.0 0.001 0.4953 0.5026
VE 10.0 0.0001 0.4270 0.4079